((points point 50)
(x
0
0
0
0
0
0
0
0
0
0
0
0
0
0
0
0
0
0
0
0
0
0
0
0
0
0
0
0
0
0
0
0
0
0
0
0
0
0
0
0
0
0
0
0
0
0
0
0
0
0
)
(y
0.00782471748711179
0.0226467830762067
0.0363178733845617
0.0490196715476048
0.0609120997726055
0.0721367144642489
0.0828195718796646
0.0930737352653169
0.103001574419097
0.112696986046929
0.122247638682180
0.131737319846133
0.141248436086712
0.150864689078489
0.160673923637791
0.170771116840385
0.181261451963690
0.192263397248866
0.203911688028239
0.216360092128480
0.229783823177653
0.244381455052657
0.260376183740742
0.278016280892587
0.297574586852907
0.319346900505649
0.343649139402580
0.370813166894335
0.401181213889857
0.435098861971545
0.472906602427321
0.514930042865163
0.561468899988531
0.612784994370311
0.669089551206594
0.730530210597648
0.797178262429812
0.869016744956786
0.945930183239811
1.02769689424154
1.11398495011594
1.20435307063443
1.29825791027431
1.39506941580787
1.49409615680679
1.59462277485487
1.69596195798080
1.79752362541921
1.89890430482090
2
)
(z
0
0
0
0
0
0
0
0
0
0
0
0
0
0
0
0
0
0
0
0
0
0
0
0
0
0
0
0
0
0
0
0
0
0
0
0
0
0
0
0
0
0
0
0
0
0
0
0
0
0
)
(x-velocity
2.93919867683798
6.77117503804830
8.47415903200069
9.55557600789208
10.3387891056182
10.9486401545491
11.4466036475537
11.8674983370633
12.2329527143748
12.5573233613825
12.8506400207952
13.1202125543618
13.3715731097457
13.6090610533645
13.8362026219269
14.0559650012510
14.2709285980834
14.4834024166826
14.6954972246185
14.9091656287325
15.1262153228673
15.3483005759722
15.5768968802551
15.8132641179249
16.0584042259574
16.3130197571135
16.5774796227855
16.8517974526614
17.1356263999851
17.4282720546777
17.7287227658843
18.0356945542968
18.3476862864569
18.6630400990266
18.9800022087381
19.2967800576932
19.6115929604033
19.9227147638306
20.2285082853773
20.5274523243193
20.8181628050329
21.0994101279152
21.3701351379800
21.6294663472158
21.8767412342573
22.1115346419431
22.3336975131548
22.5434094078925
22.7412483070906
22.9282808792718
)
(y-velocity
0
0
0
0
0
0
0
0
0
0
0
0
0
0
0
0
0
0
0
0
0
0
0
0
0
0
0
0
0
0
0
0
0
0
0
0
0
0
0
0
0
0
0
0
0
0
0
0
0
0
)
(z-velocity
0
0
0
0
0
0
0
0
0
0
0
0
0
0
0
0
0
0
0
0
0
0
0
0
0
0
0
0
0
0
0
0
0
0
0
0
0
0
0
0
0
0
0
0
0
0
0
0
0
0
)
(uu-reynolds-stress
2.11504038007383
5.90094118242106
9.10509818147260
11.8039626267834
14.0653559312269
15.9491067777344
17.5077111327600
18.7869989794879
19.8267942017873
20.6615564382603
21.3209958932359
21.8306540470169
22.2124449598980
22.4851534222307
22.6648875749167
22.7654848199602
22.7988708678973
22.7753726368511
22.7039864354219
22.5926034374189
22.4481948993641
22.2769598905514
22.0844385090231
21.8755936539184
21.6548644240726
21.4261941232706
21.1930356830111
20.9583370727882
20.7245089645647
20.4933765610774
20.2661170956871
20.0431840734535
19.8242188577838
19.6079497231616
19.3920780009145
19.1731504505187
18.9464165023599
18.7056685479815
18.4430630094331
18.1489195091997
17.8114950951276
17.4167301595739
16.9479624374842
16.3856052830476
15.7067863177848
14.8849425231936
13.8893679272009
12.6847102144508
11.2304128846912
9.48010000000000
)
(vv-reynolds-stress
0.664790030985353
1.84500457612823
2.83073989137111
3.64821327451819
4.32126067287854
4.87134021952519
5.31758729802413
5.67690954329078
5.96411163223003
6.19204106055547
6.37174734458714
6.51264823181902
6.62269755455197
6.70855031982733
6.77572149919652
6.82873576644499
6.87126613317939
6.90626005410882
6.93605211882745
6.96246291786150
6.98688407060170
7.01034973442684
7.03359518075901
7.05710322789984
7.08113946520411
7.10577729137553
7.13091382434332
7.15627772422225
7.18142990719462
7.20575801970691
7.22846539206780
7.24855500129356
7.26480874779399
7.27576209215224
7.27967380974716
7.27449030522310
7.25780358875105
7.22680165457240
7.17820962239460
7.10821960674201
7.01240687127718
6.88562940732373
6.72190765126363
6.51428062707421
6.25463437093716
5.93349806751627
5.53980290508767
5.06059824213876
4.48071927425381
3.78240000000000
)
(ww-reynolds-stress
1.36284724034043
3.78641437981199
5.81766190384763
7.51021240574035
8.91180881700279
10.0646874857386
11.0059776391443
11.7681146461341
12.3792566649444
12.8636962037016
13.2422598504428
13.5326909540822
13.7500113704354
13.9068595387674
14.0138031355337
14.0796253741594
14.1115846939635
14.1156481188044
14.0966989778136
14.0587199778228
14.0049528108800
13.9380355817265
13.8601193603760
13.7729651151171
13.6780221724833
13.5764891940937
13.4693584669089
13.3574440844654
13.2413943631783
13.1216886009536
12.9986180562384
12.8722508153882
12.7423800359566
12.6084549143325
12.4694936391836
12.3239775685318
12.1697259190985
12.0037503929403
11.8220893994623
11.6196218717655
11.3898611360782
11.1247298828507
10.8143180190819
10.4466260647111
10.0072978025660
9.47934711252725
8.84288532737035
8.07485705129280
7.14879419354730
6.03460000000000
)
(vw-reynolds-stress
0
0
0
0
0
0
0
0
0
0
0
0
0
0
0
0
0
0
0
0
0
0
0
0
0
0
0
0
0
0
0
0
0
0
0
0
0
0
0
0
0
0
0
0
0
0
0
0
0
0
)
(uw-reynolds-stress
0
0
0
0
0
0
0
0
0
0
0
0
0
0
0
0
0
0
0
0
0
0
0
0
0
0
0
0
0
0
0
0
0
0
0
0
0
0
0
0
0
0
0
0
0
0
0
0
0
0
)
(uv-reynolds-stress
-0.353874862373465
-0.969264715513084
-1.46502815670963
-1.85734453407531
-2.16170486796860
-2.39252374226903
-2.56289478305213
-2.68446055656975
-2.76737162634520
-2.82031308933552
-2.85058017664577
-2.86418746835166
-2.86599894774919
-2.85986852095190
-2.84878276635019
-2.83499956818134
-2.82017794248574
-2.80549579519345
-2.79175357414656
-2.77946280266740
-2.76891932498079
-2.76026176654036
-2.75351622824569
-2.74862860581803
-2.74548616737935
-2.74393014670139
-2.74376112981008
-2.74473894179592
-2.74657859194260
-2.74894362179622
-2.75143793570457
-2.75359688981192
-2.75487808664940
-2.75465198146474
-2.75219206643874
-2.74666407308922
-2.73711333461738
-2.72244919185651
-2.70142512198923
-2.67261313145798
-2.63437089665359
-2.58480017118027
-2.52169511991145
-2.44247950082105
-2.34413200884828
-2.22309963498279
-2.07519959148995
-1.89551122388476
-1.67826038505685
-1.41670000000000
))

